 7.294208199621451
 -4.721361700033668
 7.677880776803018
 0.1048559124244175
 11.53295583410186
 11.55782622290937
 2.308084421551218
 10.89977789365998
 2.201878378636975
 10.68461080213464
 3.294081277728287
 9.336882648174736
 -1.351700634427671
 5.221092990967602
 10.86744888220679
 -3.090656114556829
 11.70153633727771
 -0.06475209777036461
 5.222648427778394
 3.301639128149055
 8.637995027833377
 10.7866376342346
 2.990483974599271
 2.193598087045677
 2.49583970953582
 4.607323863551347
 -4.79096284002738
 -0.980415173962113
 8.906487352560012
 -0.8849876242562909
 -2.04266431303024
 3.395574723670197
 0.00867808249794777
 0.08682965940336818
 2.970025330049595
 -1.095057999564749
 -3.358407146725207
 4.615602522994587
 10.13831075503956
 -2.024087708631842
 2.559984906565552
 1.552269871615898
 3.160333919978731
 6.289412102420695
 3.084604181132634
 10.2865976054695
 -5.089326670582127
 0.2465240813314491
 3.093859201345162
 0.3827041590804132
 2.999338559332857
 8.613268655623623
 2.747037236386766
 10.85654723600191
 10.13651302754556
 2.819989527307906
 4.147970050213292
 2.09153556265559
 -3.608810580264166
 8.961423870118244
 -2.692135693324451
 7.107632782315829
 -5.614104069809301
 10.00247919316233
 2.632905970871942
 0.1215702348754855
 3.407729725832084
 -4.386859631235576
 -5.535075615271059
 -3.629293281000303
 -3.133924568382286
 -4.289922477633359
 -0.7690278188193762
 10.87311755496285
 3.178285633000073
 3.785276147386885
 11.40381508488158
 9.450850339732533
 7.070267380503404
 -4.665622483828305
 3.077941296923598
 7.350507159043616
 11.9904402127385
 11.2800237145663
 5.008078160250028
 -3.470655457147545
 4.244181566433374
 -4.070573268597355
 2.928648134595635
 4.819116766600121
 2.700388374828206
 1.911570883664519
 -0.8454836642852426
 0.8638345896053394
 5.227773921755029
 2.569123437800325
 10.3725557008495
 0.06305549469674254
 2.802889814529234
 -4.101902834818582
